1111111111111111111111111111111111111111111111111
1000001111000000000011110000000001111111111111111
1011101111011110011001110110111100000000001110001
1011101111001110111101110110111111111111101110101
1011101111101110111101110110000000000001100000101
1000000000001110111101110111111101111101101100001
1110101111011110111101110110000000001101101111111
1000101111011110111101110110111111101101101111111
1011100001011110111100000110111100001101000000001
1011111101011110111111101110111011111101011110111
1011111101011110000011101110111011111100011110111
1001111101011111111011101110110011111111111110111
1101111100000001111011101110110111100000000000111
1000011100001101000010000000110000001111111111111
1011000001101101011110111111111111100000000111111
1011110111101101011110110000001111101111110111111
1000000111100000000000000111100000001111110000001
1111111111111111111111111111111111111111111111111
